subject2341	1	2	3	2	3	2	3	3	1	0	0	2	3	3	2	2b	2	3b	2	2	0																																					
subject2827	1	3	3	2	3	2	2	3	2	2	1	1	2	3	1	2b	1	0	2	2	1																																					
subject9218	2	2	1	2	1	0	3	2	1	2	2	3	1	2	2	2a	0	2a	2	1	1																																					
subject9454	1	3	3	2	1	3	3	3	2	3	2	3	3	2	2	3b	1	3a	3	3	0																																					
subject1272	1	2	2	1	0	1	3	2	1	3	3	1	2	2	2	3b	0	3a	1	2	2																																					
subject2961	1	1	1	1	0	0	1	1	1	1	1	1	1	0	2	1b	0	3b	1	1	1																																					
subject2432	1	3	3	2	3	2	2	2	2	1	1	3	1	3	2	1a	2	1a	2	1	0																																					
subject436	2	1	2	3	2	0	3	3	1	2	1	3	2	2	3	2a	1	2b	1	3	2																																					
subject3707	1	3	0	1	0	0	0	1	1	2	3	0	0	2	2	3b	1	1b	2	1	3																																					
subject5897	2	3	3	2	1	0	2	2	1	0	0	3	2	2	3	1a	1	1b	3	3	1																																					
subject9694	0	0	2	0	1	0	0	0	0	0	1	0	0	0	0	0	0	0	0	0	0																													
subject2903	0	0	1	1	0	0	1	0	0	0	0	0	0	0	1	0	0	1b	0	1	2																													
subject6619	0	0	0	1	0	0	0	0	0	0	0	1	0	0	1	2b	0	0	2	1	0																													
subject9798	1	1	2	1	3	0	1	1	0	0	2	3	0	0	2	2b	2	0	2	1	1																													
subject4058	0	0	0	1	0	0	0	0	1	0	0	0	0	0	3	2a	1	0	0	3	0																													
subject7039	1	1	0	1	0	0	2	0	0	0	0	1	0	0	0	0	2	0	0	0	2																													
subject6635	0	1	1	1	1	0	3	1	1	0	2	1	3	1	2	3b	1	1a	1	1	2																													
subject3993	0	0	0	0	0	0	0	0	0	0	0	0	0	0	0	0	0	1b	0	0	1																													
subject5791	1	0	1	1	0	0	2	1	0	0	0	1	0	1	1	1b	1	0	1	0	0																													
subject6900	1	1	2	1	0	0	1	1	1	1	1	1	0	1	2	2a	0	0	0	1	0	