subject1009	1	1	2	1	1	0	2	0	0	0	0	1	0	0	1	2b	0	1a	1	1	0
subject1167	2	1	1	2	0	2	2	2	2	3	2	1	2	2	3	1b	1	2a	3	3	0
subject1295	1	0	1	0	1	0	0	1	0	0	1	0	0	0	1	0	0	0	0	1	0
subject1312	1	0	1	0	1	0	1	1	0	0	1	0	2	0	1	1b	0	1a	1	0	0
subject1365	0	2	1	0	1	0	0	1	0	0	1	0	3	0	1	1b	0	0	0	1	2
subject1426	2	3	3	3	3	3	3	3	1	3	3	3	3	3	3	2b	3	3b	3	3	2
subject1517	1	2	2	2	0	1	2	1	1	3	1	0	0	0	2	3b	1	1a	2	2	1
subject169	1	1	2	0	1	0	2	1	1	0	1	0	2	2	2	2a	1	2b	2	2	0
subject2227	3	2	0	2	1	0	3	1	1	2	2	2	2	1	2	1a	2	0	2	2	0
subject2356	1	2	1	0	1	0	2	0	1	0	0	0	0	2	2	0	0	0	0	1	0
subject2446	1	1	0	0	3	0	0	0	0	1	1	0	3	0	2	3b	0	3a	2	2	0
subject2667	2	3	3	3	2	1	3	3	1	3	2	3	3	3	3	0	0	3a	3	3	1
subject3135	0	0	0	1	1	0	0	0	0	0	0	0	0	0	0	0	0	0	0	0	0
subject3157	1	1	0	1	1	0	1	1	1	0	0	1	1	1	2	2a	2	0	1	2	0
subject3169	1	2	1	0	2	0	3	1	1	1	0	0	0	1	1	1b	1	0	0	1	0
subject331	0	1	1	1	0	0	0	0	0	3	0	0	0	2	0	0	0	1a	1	0	0
subject3688	1	1	1	1	0	0	0	0	0	1	0	1	0	0	2	3b	0	0	1	1	0
subject3848	0	0	1	0	1	0	1	2	0	0	1	1	0	0	1	1b	1	1b	0	1	1
subject4129	1	3	1	0	1	0	1	2	0	0	0	0	0	1	0	0	0	0	0	0	0
subject418	1	1	1	0	2	0	1	1	0	0	2	1	0	1	1	1a	1	2a	0	1	0
subject4368	1	1	0	0	2	0	0	2	1	1	0	0	0	0	0	0	0	0	0	1	0
subject4396	1	2	3	2	2	0	3	2	2	3	1	3	2	3	1	2a	1	2b	1	3	2
subject4690	1	1	0	2	3	0	3	2	1	0	0	1	0	0	1	1a	0	1b	0	0	3
subject4779	1	1	2	2	1	1	2	1	0	0	1	3	2	1	0	0	1	0	1	0	0
subject4794	1	1	1	1	0	1	2	2	0	1	0	1	0	2	1	2b	1	2b	2	1	1
subject4807	1	1	1	0	0	1	1	1	0	1	1	0	0	0	1	1b	1	0	0	1	0
subject4999	1	0	1	0	1	0	0	0	0	0	0	1	1	0	1	1b	0	1b	2	2	0
subject5043	1	2	2	2	2	1	1	1	1	0	1	2	1	2	2	2b	1	2b	2	3	0
subject5228	1	1	0	1	0	0	0	1	1	2	1	1	3	0	1	2b	0	0	2	2	1
subject549	1	2	1	1	0	0	1	1	1	2	0	1	0	0	2	1a	1	2a	0	2	0
subject5515	2	2	2	2	0	1	1	2	2	0	0	3	1	2	2	1a	2	2a	1	2	1
subject5583	1	2	3	0	3	2	3	3	0	0	1	1	2	2	2	2b	1	3a	1	2	0
subject5949	1	1	1	1	0	0	2	2	0	1	1	2	1	0	1	1b	1	2b	1	0	1
subject6073	0	1	1	1	0	0	2	2	0	0	1	1	1	0	0	1b	1	1a	0	0	0
subject612	0	1	0	0	0	0	1	0	0	0	1	0	1	2	0	1b	1	1b	1	0	2
subject6175	2	3	2	3	3	3	2	3	3	1	1	3	2	2	3	3a	2	3a	2	2	0
subject6329	1	1	2	0	0	0	3	2	0	3	1	1	0	1	0	0	2	1a	2	1	0
subject6333	3	2	3	3	1	2	3	2	3	3	1	3	3	2	2	3a	2	2a	2	1	3
subject6426	2	2	1	1	1	0	3	2	1	1	1	1	3	1	2	2a	2	2a	2	2	0
subject6451	0	1	0	2	0	0	0	0	0	0	2	3	1	0	1	1b	3	0	2	2	1
subject6628	0	1	2	0	0	0	2	2	0	0	0	1	1	1	1	1b	0	1b	1	0	0
subject6684	2	3	3	2	2	1	3	3	1	3	3	3	3	2	3	3a	3	1b	3	3	1
subject6847	0	0	1	0	0	0	0	0	0	0	0	0	0	0	1	1b	0	1a	0	1	0
subject6868	1	1	2	1	1	1	3	0	1	3	0	2	2	2	1	1b	0	1a	1	2	0
subject7065	0	2	1	1	1	1	2	2	0	0	0	1	3	0	0	1a	0	1b	2	0	0
subject7068	0	0	0	0	0	0	0	0	1	0	0	1	0	0	0	0	0	0	0	0	0
subject7517	1	3	3	1	3	1	3	0	3	0	0	3	1	3	3	2b	0	1a	0	2	3
subject776	0	0	0	1	0	0	0	0	0	2	3	1	0	0	1	2b	2	1b	1	1	0
subject7866	0	0	0	0	0	0	0	0	0	0	0	0	0	0	1	1a	0	0	1	1	0
subject7996	1	1	1	1	1	1	2	1	1	0	2	1	1	1	2	0	2	1a	3	2	0
subject8103	1	1	1	2	0	0	1	1	1	1	1	2	2	1	2	3b	1	1a	2	3	1
subject8336	0	0	1	1	1	0	0	0	1	1	0	0	0	0	1	1b	0	0	0	0	3
subject8438	0	1	0	0	0	0	0	0	1	1	1	0	1	0	1	1a	2	0	0	1	3
subject8497	1	1	2	2	1	0	2	1	1	1	0	2	1	1	1	1b	1	1a	1	1	2
subject8584	0	2	1	1	0	3	2	2	0	1	0	1	0	1	1	0	0	0	0	0	0
subject8599	2	0	0	0	1	2	1	1	1	3	2	0	1	1	2	1b	1	2b	2	1	0
subject8756	3	3	3	3	3	3	2	3	1	0	1	3	2	3	3	1b	2	0	3	1	3
subject8857	1	0	1	0	1	0	0	0	0	1	0	1	0	0	1	1a	0	1b	0	1	0
subject8929	1	2	1	1	2	2	0	2	0	1	3	2	3	1	3	3b	3	3b	3	3	3
subject9006	1	2	2	2	2	2	3	1	1	3	2	3	1	2	1	2b	1	1b	1	1	0
subject9032	0	0	1	0	1	0	2	1	0	1	1	1	1	0	1	1b	1	1a	1	1	0
subject9151	0	1	0	1	0	0	0	0	2	0	0	1	0	0	0	0	0	0	0	0	0
subject9233	1	1	1	1	1	0	0	1	0	1	0	0	1	1	0	1b	0	0	1	1	0
subject9391	0	0	0	0	0	0	0	0	0	1	0	0	0	0	0	1b	0	0	0	0	0
subject9452	3	3	3	2	2	3	3	2	3	3	3	3	0	3	3	2a	3	3b	3	3	1
subject9659	0	0	1	1	1	0	0	0	0	0	1	0	0	0	0	1b	1	0	0	1	0
subject9798	3	2	3	2	3	2	3	3	1	3	3	3	3	3	2	2b	2	3a	2	2	2
subject9849	1	3	2	2	2	2	1	3	3	3	2	3	3	3	3	3a	1	3b	3	3	3
subject9967	0	1	1	0	1	0	0	0	1	1	0	0	1	1	1	1b	0	1a	1	0	1
subject9999	1	0	0	2	1	0	2	2	0	0	2	3	2	1	2	2b	0	2a	2	2	3
